417369825632158947958724316825437169791586432346912758289643571573291684164875293
417369825632158947958724316825437169791586432346912758289643571573291684164875293
417369825632158947958724316825437169791586432346912758289643571573291684164875293
417369825632158947958724316825437169791586432346912758289643571573291684164875293
814976532659123478732854169948265317275341896163798245391682754587439621426517983
814976532659123478732854169948265317275341896163798245391682754587439621426517983
814976532659123478732854169948265317275341896163798245391682754587439621426517983
814976532659123478732854169948265317275341896163798245391682754587439621426517983
814976532659123478732854169948265317275341896163798245391682754587439621426517983
814976532659123478732854169948265317275341896163798245391682754587439621426517983
814976532659123478732854169948265317275341896163798245391682754587439621426517983
483921657967345821251876493548132976729564138136798245372689514814253769695417382
245981376169273584837564219976125438513498627482736951391657842728349165654812793
462831957795426183381795426173984265659312748248567319926178534834259671517643892
137256849928314567465897312673542981819673254542189736256731498391428675784965123
523816749784593126691472835239145687457268913168937254342789561915624378876351492
176923584524817639893654271957348162638192457412765398265489713781236945349571826
143986257679425381285731694962354178357618942418279563821567439796143825534892716
487156932362498751915372864846519273593724186271863549124685397738941625659237418
814976532659123478732854169948265317275341896163798245391682754587439621426517983
761928453925743168438615927357461289894372615216589374689154732142837596573296841
976125438158436927423879156234761895867952314519384762782513649395647281641298573
962341758148975623573268149321694875487512936695837412834726591216459387759183264
397681524645279813218534976823956741169742358754318692472893165531467289986125437
